,0,1,2,3,4,5,6,7,8,9,10,11,12,13,14,15,16,17,18,19
0.0,90.86066955692841,99.60086731330247,95.7836392328047,95.94811276174448,108.8061249371299,104.469192499137,104.71619697059897,103.91311511976053,95.12726500005068,96.19634473994083,88.49465655317212,111.12713125011942,108.12732510409813,101.09677894572313,98.13057812790355,98.89836466943464,101.7888029920728,102.33508926864985,101.7707308456885,113.96647540483346
0.1111111111111111,80.2908009004573,96.73641744148581,91.97629778162052,90.91156616207655,101.97890074071955,101.28301933896158,109.49628471219326,113.36751754826626,89.4541394914935,92.06703931475873,85.75664867719192,102.9642683576536,121.34093393105579,102.85200649996895,102.02999970732058,106.68481087264172,109.94617197199268,95.82740824610393,99.08415725961338,117.56028831156317
0.2222222222222222,73.77369646866441,87.16886443211509,91.9489424094312,93.30167897675537,104.31731112054148,119.45117490888984,109.02229290264228,109.88638245901625,81.51976139987298,91.07150479502832,87.46794030818194,110.01509123778399,110.65017397941386,104.06842496403081,115.10548506383704,112.34657394119407,108.2389600546224,93.13542940623927,107.42025823095709,124.84903235962956
0.3333333333333333,68.27905349116092,81.90235553964008,102.58307795542663,84.83609294219066,108.94631701326041,116.16115361308054,113.8648851009798,100.93704396415501,83.33787076848041,94.85509922564493,99.79794912787476,110.66662608432453,105.4227738772118,105.70177331185293,122.01081733241921,114.1910995624756,109.47551513020004,80.28914533269716,108.01866718375935,129.58221028347975
0.4444444444444444,65.87593976255857,74.94649027257717,100.74924577645781,93.01935381548148,117.24857082499649,111.82108453202426,116.27425538320966,102.03297133950922,91.68459084159277,91.53747788628415,101.16241971373545,112.12377528312825,111.31863293206025,113.50417820011486,115.71300773784938,128.9400294712667,105.29514918422885,80.60372167514112,108.42961427961613,127.2126522406442
0.5555555555555556,66.11494760421424,79.55813927952397,107.7231353757278,94.92733975406676,122.30717683997688,102.83066849482276,119.11028878584268,107.84314401707866,90.46020991232791,93.88022632596237,91.42772207017418,107.72137379147875,111.29843609264638,112.05143452529207,113.86199888143788,133.38140284224178,93.01799829788263,82.20931909255721,107.92268447154545,135.63510884206315
0.6666666666666666,66.23659006300919,88.82902271162925,127.50463516721405,92.08035019280804,118.2950043333076,98.76043195661818,116.69621378303894,116.89272423303758,93.5348212731436,96.9555223477763,89.66002658245768,104.69874934569523,110.62041679134865,108.46577970921602,111.56183695078492,124.20861127538232,93.64439850228372,84.9688037054713,105.8974136286671,145.11337680106587
0.7777777777777777,61.820653050403926,90.88084620068038,133.9586270387395,92.96810525836776,111.38475532638057,96.42353421419168,115.69036348736795,120.40026043479186,89.78649369295258,90.99951765541617,88.85960592954741,102.45231619255838,103.26453585737355,107.77179502877487,107.44425284504237,128.34295115110837,89.71436201966756,80.77900535173532,107.02727573711184,164.0002826016821
0.8888888888888888,63.88960309172135,93.2004570720567,133.51299585983736,87.81774846212903,116.50002960914503,112.41803819070122,127.58519134014105,114.52350359611663,87.03941468694359,103.26219883095771,93.38030381400154,99.91996541499873,104.91295285603483,104.05968562962036,113.59041483323405,131.36674925864057,91.51065958948496,84.34977481824724,103.85860299426484,155.3401175109826
1.0,59.721598336539394,91.54237665923927,149.53091553612492,91.39791640861893,106.8274668061104,111.27830843899535,118.46794715614388,117.75046397442411,87.45250606475942,106.24299832896622,89.68468057250689,96.09162057185785,96.31676661637792,116.96869034288666,109.85199007514312,137.04720916525463,90.05651997436568,92.55643891279192,99.12673251268646,163.08594484743872
